ngroup 8
niso   5

#   1 MAT13 fuelgad
#   2 MAT16 fuel   - no gad
#   3 MAT17 gap
#   4 MAT18 clad
#   5 MAT28 cool

name fuelgad
transport
 1.91995171E-01
 3.84011273E-01
 5.86694021E-01
 5.31451256E-01
 9.17355161E-01
 3.31024221E+00
 1.59286406E+01
 6.60363704E+01
total
 6.00369306E-02
 9.44146054E-03
 1.03556893E-01
 1.71713040E-01
 5.67361800E-01
 2.95094157E+00
 1.54918973E+01
 6.54511484E+01
scatter
 0.00000000E+00 0.00000000E+00 0.00000000E+00 0.00000000E+00 0.00000000E+00 0.00000000E+00 0.00000000E+00 0.00000000E+00
 4.98486959E-02 0.00000000E+00 0.00000000E+00 0.00000000E+00 0.00000000E+00 0.00000000E+00 0.00000000E+00 0.00000000E+00
 1.61155701E-05 2.60622607E-03 0.00000000E+00 3.37241670E-04 0.00000000E+00 0.00000000E+00 0.00000000E+00 0.00000000E+00
 0.00000000E+00 0.00000000E+00 2.64853289E-03 0.00000000E+00 7.21278754E-03 0.00000000E+00 0.00000000E+00 0.00000000E+00
 0.00000000E+00 0.00000000E+00 0.00000000E+00 1.41983391E-02 0.00000000E+00 2.38640751E-02 1.12871382E-04 0.00000000E+00
 0.00000000E+00 0.00000000E+00 0.00000000E+00 6.61721567E-06 3.25807945E-02 0.00000000E+00 5.46972391E-02 8.46554298E-04
 0.00000000E+00 0.00000000E+00 0.00000000E+00 0.00000000E+00 3.95527080E-04 3.46862727E-02 0.00000000E+00 9.55165413E-02
 0.00000000E+00 0.00000000E+00 0.00000000E+00 0.00000000E+00 1.45214164E-06 4.85397678E-04 2.43488007E-02 0.00000000E+00
nusf
 2.35261101E-02
 1.58125916E-03
 2.08882780E-02
 3.56974745E-02
 1.11380291E-01
 1.74423917E-01
 2.33663276E-01
 4.66209183E-01
chi
 7.58154654E-01
 2.41655255E-01
 1.90091988E-04
 0.00000000E+00
 0.00000000E+00
 0.00000000E+00
 0.00000000E+00
 0.00000000E+00

name fuel
transport
 1.92620280E-01
 3.85487948E-01
 5.59603521E-01
 4.21312319E-01
 5.04041570E-01
 5.69246306E-01
 6.43917295E-01
 8.99619160E-01
total
 6.05947777E-02
 9.42206264E-03
 8.51352949E-02
 5.91554650E-02
 1.62068595E-01
 2.45747507E-01
 3.20539740E-01
 5.58765547E-01
scatter
 0.00000000E+00 0.00000000E+00 0.00000000E+00 0.00000000E+00 0.00000000E+00 0.00000000E+00 0.00000000E+00 0.00000000E+00
 4.95801533E-02 0.00000000E+00 0.00000000E+00 0.00000000E+00 0.00000000E+00 0.00000000E+00 0.00000000E+00 0.00000000E+00
 1.64780016E-05 2.55430778E-03 0.00000000E+00 3.19348332E-04 0.00000000E+00 0.00000000E+00 0.00000000E+00 0.00000000E+00
 0.00000000E+00 0.00000000E+00 2.64736161E-03 0.00000000E+00 6.43405643E-03 0.00000000E+00 0.00000000E+00 0.00000000E+00
 0.00000000E+00 0.00000000E+00 0.00000000E+00 1.41441128E-02 0.00000000E+00 1.57423155E-02 8.03564256E-05 1.92284865E-07
 0.00000000E+00 0.00000000E+00 0.00000000E+00 7.60175727E-06 3.65597227E-02 0.00000000E+00 3.11491829E-02 7.21452812E-04
 0.00000000E+00 0.00000000E+00 0.00000000E+00 0.00000000E+00 4.62300321E-04 4.70424346E-02 0.00000000E+00 5.75827793E-02
 0.00000000E+00 0.00000000E+00 0.00000000E+00 0.00000000E+00 4.52348651E-07 7.44772214E-04 3.42459881E-02 0.00000000E+00
nusf
 2.58905111E-02
 2.87705680E-03
 3.80139282E-02
 6.40534747E-02
 2.12522207E-01
 3.21962570E-01
 4.66056546E-01
 9.27815749E-01
chi
 7.60515037E-01
 2.39308376E-01
 1.76587266E-04
 0.00000000E+00
 0.00000000E+00
 0.00000000E+00
 0.00000000E+00
 0.00000000E+00

name gap
transport
 6.85337423E-05
 4.61517161E-05
 1.92525837E-05
 2.17278685E-05
 2.09628608E-05
 9.53566596E-06
 2.05493488E-05
 2.39875653E-05
total
 3.45867461E-05
 1.83207377E-06
 2.41325670E-06
 3.81028463E-06
 5.76835603E-06
 6.10534440E-06
 5.28367784E-06
 4.93186693E-06
scatter
 0.00000000E+00 0.00000000E+00 0.00000000E+00 0.00000000E+00 0.00000000E+00 0.00000000E+00 0.00000000E+00 0.00000000E+00
 3.52893894E-05 0.00000000E+00 0.00000000E+00 0.00000000E+00 0.00000000E+00 0.00000000E+00 0.00000000E+00 0.00000000E+00
 0.00000000E+00 8.49081764E-07 0.00000000E+00 0.00000000E+00 0.00000000E+00 0.00000000E+00 0.00000000E+00 0.00000000E+00
 0.00000000E+00 0.00000000E+00 2.41586343E-06 0.00000000E+00 0.00000000E+00 0.00000000E+00 0.00000000E+00 0.00000000E+00
 0.00000000E+00 0.00000000E+00 0.00000000E+00 3.79135860E-06 0.00000000E+00 0.00000000E+00 0.00000000E+00 0.00000000E+00
 0.00000000E+00 0.00000000E+00 0.00000000E+00 0.00000000E+00 5.75316762E-06 0.00000000E+00 3.39655635E-06 0.00000000E+00
 0.00000000E+00 0.00000000E+00 0.00000000E+00 0.00000000E+00 0.00000000E+00 6.15129502E-06 0.00000000E+00 5.94582712E-06
 0.00000000E+00 0.00000000E+00 0.00000000E+00 0.00000000E+00 0.00000000E+00 0.00000000E+00 1.69827817E-06 0.00000000E+00

name clad
transport
 1.42671588E-01
 3.24931270E-01
 3.18191849E-01
 2.94449571E-01
 2.94696271E-01
 2.96156977E-01
 2.98320556E-01
 3.04450569E-01
total
 2.39362652E-02
 1.77563804E-03
 5.33421251E-03
 8.36452261E-03
 2.44987779E-02
 3.73653576E-02
 4.06668535E-02
 3.95520020E-02
scatter
 0.00000000E+00 0.00000000E+00 0.00000000E+00 0.00000000E+00 0.00000000E+00 0.00000000E+00 0.00000000E+00 0.00000000E+00
 2.35599016E-02 0.00000000E+00 0.00000000E+00 0.00000000E+00 0.00000000E+00 0.00000000E+00 0.00000000E+00 0.00000000E+00
 4.35986280E-06 8.59578492E-04 0.00000000E+00 3.47616585E-04 0.00000000E+00 0.00000000E+00 0.00000000E+00 0.00000000E+00
 0.00000000E+00 0.00000000E+00 7.88399431E-04 0.00000000E+00 5.06679118E-03 0.00000000E+00 0.00000000E+00 0.00000000E+00
 0.00000000E+00 0.00000000E+00 0.00000000E+00 5.55336320E-03 0.00000000E+00 9.68272754E-03 0.00000000E+00 0.00000000E+00
 0.00000000E+00 0.00000000E+00 0.00000000E+00 0.00000000E+00 1.71073444E-02 0.00000000E+00 1.75612958E-02 0.00000000E+00
 0.00000000E+00 0.00000000E+00 0.00000000E+00 0.00000000E+00 4.81679929E-07 2.43037000E-02 0.00000000E+00 3.09738226E-02
 0.00000000E+00 0.00000000E+00 0.00000000E+00 0.00000000E+00 0.00000000E+00 0.00000000E+00 1.82225972E-02 0.00000000E+00

name cool
transport
 1.37297660E-01
 2.96254505E-01
 4.06970958E-01
 4.58904573E-01
 5.98638672E-01
 8.75614316E-01
 1.24516460E+00
 2.20026198E+00
total
 8.68359158E-02
 1.09996487E-01
 1.17738923E-01
 4.39931041E-01
 6.59285220E-01
 7.48327974E-01
 7.60370183E-01
 8.69503223E-01
scatter
 0.00000000E+00 0.00000000E+00 0.00000000E+00 0.00000000E+00 0.00000000E+00 0.00000000E+00 0.00000000E+00 0.00000000E+00
 8.60419241E-02 0.00000000E+00 0.00000000E+00 0.00000000E+00 0.00000000E+00 0.00000000E+00 0.00000000E+00 0.00000000E+00
 5.34570685E-04 1.09885025E-01 0.00000000E+00 1.30626358E-04 0.00000000E+00 0.00000000E+00 0.00000000E+00 0.00000000E+00
 2.93497584E-07 6.63860015E-05 9.92598475E-02 0.00000000E+00 1.34010424E-02 7.71582396E-05 1.70103966E-05 9.50023816E-06
 2.25046070E-08 6.77241872E-06 1.00128133E-02 2.63652103E-01 0.00000000E+00 8.09278132E-02 1.42991826E-02 7.92842965E-03
 7.50153568E-09 2.68580011E-06 4.03804345E-03 9.83562399E-02 3.87922185E-01 0.00000000E+00 2.58390585E-01 1.28762322E-01
 1.87538392E-09 1.47692067E-06 2.23899796E-03 4.93296129E-02 1.73632399E-01 4.74790832E-01 0.00000000E+00 6.78113653E-01
 0.00000000E+00 7.07817430E-07 1.10087619E-03 2.08608432E-02 6.99469097E-02 1.71618948E-01 4.57406183E-01 0.00000000E+00
